SHIFT SELFTEST: artificial violation at k=+3, peak found at k=3 (+134.2 sigma)
  -> PASSED

Trials: 15,000,000   k values: 107

      k            J     sigma   J/sigma
------------------------------------------
 -10000      -30,409     227.3   -133.80
  -1000      -30,861     227.4   -135.73
   -100      -30,846     227.5   -135.58
    -50      -30,921     227.6   -135.86
    -40      -30,898     227.9   -135.55
    -30      -31,221     227.4   -137.27
    -20      -30,882     227.7   -135.61
    -10      -30,773     227.7   -135.16
     -6      -30,603     226.9   -134.88
     -5      -30,637     226.7   -135.12
     -4      -30,909     227.7   -135.73
     -3      -31,089     227.1   -136.88
     -2      -31,104     227.7   -136.58
     -1      -30,575     226.8   -134.83
      0        1,816     154.9    +11.72  <- k=0
      1      -31,031     227.8   -136.24
      2      -30,647     227.5   -134.70
      3      -30,254     227.1   -133.20
      4      -31,008     227.5   -136.28
      5      -30,761     227.9   -134.99
      6      -30,465     227.1   -134.13
     10      -30,718     227.2   -135.22
     20      -30,995     228.0   -135.96
     30      -30,613     227.7   -134.46
     40      -30,809     227.6   -135.37
     50      -30,925     228.1   -135.56
    100      -30,556     226.9   -134.67
   1000      -30,870     227.7   -135.57
  10000      -30,909     227.3   -136.00
   (a sample is printed; everything is in the json)

k=0:      J = +1,816   J/sigma = +11.72
k!=0:     largest J/sigma = -133.20 at k = 3
          smallest J/sigma = -137.27
          mean J/sigma     = -135.47
k!=0 with J > 0 (any violation at all): 0 / 106

Figure: j_curve_28297.png
Data: j_curve_28297_data.json
